{
"format_version": "1.13.0",
"netease:block_geometry": {
"description": {
"identifier": "dream:qiqiu",
"textures": [
"dream:qiqiu"
],
"use_ao": false
},
"bones": [
    {
        "name": "unknown_bone",
        "pivot": [0, 0, 0],
        "cubes": [
            {
                "origin": [-11, 1, 4],
                "size": [6, 8, 1],
                "uv": {
                    "north": {"uv": [0, 4], "uv_size": [3, 4]},
                    "east": {"uv": [2.499, 4], "uv_size": [0.496, 3.995]},
                    "south": {"uv": [14.996, 9.996], "uv_size": [-2.996, -0.496]},
                    "west": {"uv": [2.499, 4], "uv_size": [0.496, 3.995]},
                    "up": {"uv": [12, 12], "uv_size": [2.997, 0.496]},
                    "down": {"uv": [12, 12], "uv_size": [2.997, 0.496]}
                }
            },
            {
                "origin": [-12, 1, 5],
                "size": [1, 8, 6],
                "uv": {
                    "north": {"uv": [2.499, 4], "uv_size": [0.496, 3.995]},
                    "east": {"uv": [0, 4], "uv_size": [3, 4]},
                    "south": {"uv": [2.499, 4], "uv_size": [0.496, 3.995]},
                    "west": {"uv": [14.996, 9.996], "uv_size": [-2.996, -0.496]},
                    "up": {"uv": [12, 12], "uv_size": [2.997, 0.496]},
                    "down": {"uv": [12, 12], "uv_size": [2.997, 0.496]}
                }
            },
            {
                "origin": [-5, 1, 5],
                "size": [1, 8, 6],
                "uv": {
                    "north": {"uv": [2.499, 4], "uv_size": [0.496, 3.995]},
                    "east": {"uv": [13, 5.499], "uv_size": [2.999, 4]},
                    "south": {"uv": [2.499, 4], "uv_size": [0.496, 3.995]},
                    "west": {"uv": [0, 4], "uv_size": [3, 4]},
                    "up": {"uv": [12, 12], "uv_size": [2.997, 0.496]},
                    "down": {"uv": [12, 12], "uv_size": [2.997, 0.496]}
                }
            },
            {
                "origin": [-11, 1, 11],
                "size": [6, 8, 1],
                "uv": {
                    "north": {"uv": [13, 5.499], "uv_size": [2.999, 4]},
                    "east": {"uv": [2.499, 4], "uv_size": [0.496, 3.995]},
                    "south": {"uv": [0, 4], "uv_size": [3, 4]},
                    "west": {"uv": [2.499, 4], "uv_size": [0.496, 3.995]},
                    "up": {"uv": [12, 12], "uv_size": [2.997, 0.496]},
                    "down": {"uv": [12, 12], "uv_size": [2.997, 0.496]}
                }
            },
            {
                "origin": [-11, 9, 5],
                "size": [6, 1, 6],
                "uv": {
                    "north": {"uv": [14.997, 12.496], "uv_size": [-2.997, -0.496]},
                    "east": {"uv": [14.997, 12.496], "uv_size": [-2.997, -0.496]},
                    "south": {"uv": [14.997, 12.496], "uv_size": [-2.997, -0.496]},
                    "west": {"uv": [14.997, 12.496], "uv_size": [-2.997, -0.496]},
                    "up": {"uv": [3, 0], "uv_size": [2.996, 2.995]},
                    "down": {"uv": [10, 13.499], "uv_size": [1.997, 2.498]}
                }
            },
            {
                "origin": [-11, 0, 5],
                "size": [6, 1, 6],
                "uv": {
                    "north": {"uv": [14.997, 12.496], "uv_size": [-2.997, -0.496]},
                    "east": {"uv": [14.997, 12.496], "uv_size": [-2.997, -0.496]},
                    "south": {"uv": [14.997, 12.496], "uv_size": [-2.997, -0.496]},
                    "west": {"uv": [14.997, 12.496], "uv_size": [-2.997, -0.496]},
                    "up": {"uv": [13, 4.999], "uv_size": [2.995, 2.995]},
                    "down": {"uv": [3, 0], "uv_size": [2.996, 2.995]}
                }
            }
        ]
    }
]


}
}
